7:7869,302,1245,29,1402,1382,15,109488,8,736
18:27705,58,199,899,12259,302,518,94
36:204,483,1382,30688,901,179,17,15,29,4755
37:4364,690,1402,302,1410,29,3234,840,327,138
41:302,15,1382,1412,840,4049,15542,17,3323,29
42:5567,29,518,138,840,736,4996,15,29,15542
43:1382,29,302,2068,16996,10769,1382,14692,3505,302
44:2140,2292,15,8,2947,116,236,361,1382
45:1709,131,29,4578,199,5545,4021,3672,76
46:5567,5567,1245,690,9894,1402,596,3234
59:2140,15,29,1245,690,29,30688,1102,116,3234
60:690,302,1245,29,29,736,2947,518
69:1462,302,1245,1402,29,2734,29,30688,3234,138
70:690,1382,1245,690,29,15,1382,29,109488
94:24245,3431,17427,29,302,1402,301,30688,15542,1102
106:966,27754,103410,1245,690,29,236,1702,3223,2292
115:4364,29,2947,103410,1245,347,29,100575,361,19974
116:29,138,736,4187,302,1535,29,361,1462,736
